Dataset: IndianPines
Samples: total=10249, train=7174, test=3075

[Hyper-parameters]
kernel=rbf, C=10.0, gamma=scale, degree=3, class_weight=None
pca_components=30, window_size=25, lr=0.001, epochs=100

[Metrics]
Test loss (%) 15.1220
Test accuracy (%) 84.8780

Kappa accuracy (%) 82.67
Overall accuracy (%) 84.88
Average accuracy (%) 82.99

              precision    recall  f1-score   support

           1     0.8182    0.6429    0.7200        14
           2     0.7910    0.8224    0.8064       428
           3     0.9200    0.6466    0.7594       249
           4     0.7027    0.7324    0.7172        71
           5     0.9433    0.9172    0.9301       145
           6     0.9264    0.9772    0.9511       219
           7     1.0000    0.8750    0.9333         8
           8     0.9589    0.9790    0.9689       143
           9     1.0000    0.6667    0.8000         6
          10     0.7929    0.7603    0.7762       292
          11     0.7950    0.8684    0.8301       737
          12     0.8276    0.8090    0.8182       178
          13     0.9385    1.0000    0.9683        61
          14     0.9202    0.9711    0.9449       380
          15     0.8427    0.6466    0.7317       116
          16     1.0000    0.9643    0.9818        28

    accuracy                         0.8488      3075
   macro avg     0.8861    0.8299    0.8524      3075
weighted avg     0.8511    0.8488    0.8468      3075


[[  9   0   0   0   0   0   0   5   0   0   0   0   0   0   0   0]
 [  0 352   2   0   0   1   0   0   0  16  47   9   1   0   0   0]
 [  0  10 161   8   0   0   0   0   0   1  59  10   0   0   0   0]
 [  1   5   3  52   0   2   0   1   0   1   4   2   0   0   0   0]
 [  0   1   0   1 133   2   0   0   0   1   0   2   0   4   1   0]
 [  0   0   0   1   1 214   0   0   0   0   0   0   0   0   3   0]
 [  0   0   0   0   1   0   7   0   0   0   0   0   0   0   0   0]
 [  1   0   0   0   2   0   0 140   0   0   0   0   0   0   0   0]
 [  0   0   0   0   0   0   0   0   4   0   0   0   2   0   0   0]
 [  0  21   1   1   0   0   0   0   0 222  46   0   0   0   1   0]
 [  0  48   3   3   1   2   0   0   0  32 640   7   0   0   1   0]
 [  0   8   5   6   0   0   0   0   0   5   9 144   0   0   1   0]
 [  0   0   0   0   0   0   0   0   0   0   0   0  61   0   0   0]
 [  0   0   0   0   2   1   0   0   0   0   0   0   1 369   7   0]
 [  0   0   0   2   1   9   0   0   0   1   0   0   0  28  75   0]
 [  0   0   0   0   0   0   0   0   0   1   0   0   0   0   0  27]]
