Dataset: Salinas
Samples: total=54129, train=37890, test=16239

[Hyper-parameters]
kernel=rbf, C=10.0, gamma=scale, degree=3, class_weight=None
pca_components=15, window_size=25, lr=0.001, epochs=100

[Metrics]
Test loss (%) 7.5313
Test accuracy (%) 92.4687

Kappa accuracy (%) 91.59
Overall accuracy (%) 92.47
Average accuracy (%) 96.14

              precision    recall  f1-score   support

           1     1.0000    0.9917    0.9958       603
           2     0.9955    1.0000    0.9978      1118
           3     0.9641    0.9966    0.9801       593
           4     0.9952    0.9928    0.9940       418
           5     0.9938    0.9900    0.9919       803
           6     0.9992    1.0000    0.9996      1188
           7     1.0000    0.9991    0.9995      1074
           8     0.7886    0.9045    0.8425      3381
           9     0.9963    1.0000    0.9981      1861
          10     0.9811    0.9502    0.9654       983
          11     0.9748    0.9656    0.9702       320
          12     0.9764    1.0000    0.9880       578
          13     0.9927    0.9891    0.9909       275
          14     0.9905    0.9782    0.9843       321
          15     0.8129    0.6295    0.7096      2181
          16     1.0000    0.9945    0.9972       542

    accuracy                         0.9247     16239
   macro avg     0.9663    0.9614    0.9628     16239
weighted avg     0.9255    0.9247    0.9227     16239


[[ 598    5    0    0    0    0    0    0    0    0    0    0    0    0
     0    0]
 [   0 1118    0    0    0    0    0    0    0    0    0    0    0    0
     0    0]
 [   0    0  591    0    1    0    0    0    0    1    0    0    0    0
     0    0]
 [   0    0    0  415    3    0    0    0    0    0    0    0    0    0
     0    0]
 [   0    0    2    2  795    1    0    2    0    1    0    0    0    0
     0    0]
 [   0    0    0    0    0 1188    0    0    0    0    0    0    0    0
     0    0]
 [   0    0    0    0    1    0 1073    0    0    0    0    0    0    0
     0    0]
 [   0    0    0    0    0    0    0 3058    0   10    0    0    0    0
   313    0]
 [   0    0    0    0    0    0    0    0 1861    0    0    0    0    0
     0    0]
 [   0    0   18    0    0    0    0    7    7  934    8    7    0    0
     2    0]
 [   0    0    2    0    0    0    0    0    0    2  309    7    0    0
     0    0]
 [   0    0    0    0    0    0    0    0    0    0    0  578    0    0
     0    0]
 [   0    0    0    0    0    0    0    0    0    0    0    0  272    3
     0    0]
 [   0    0    0    0    0    0    0    3    0    2    0    0    2  314
     0    0]
 [   0    0    0    0    0    0    0  807    0    1    0    0    0    0
  1373    0]
 [   0    0    0    0    0    0    0    1    0    1    0    0    0    0
     1  539]]
