Test loss (%) 2.9809
Test accuracy (%) 99.2519

Kappa accuracy (%) 99.01
Overall accuracy (%) 99.25
Average accuracy (%) 98.04

              precision    recall  f1-score   support

           0       0.99      1.00      0.99      1989
           1       1.00      1.00      1.00      5595
           2       0.95      0.97      0.96       630
           3       1.00      0.98      0.99       919
           4       1.00      1.00      1.00       403
           5       1.00      1.00      1.00      1509
           6       0.99      1.00      0.99       399
           7       0.98      0.98      0.98      1105
           8       0.99      0.90      0.94       284

    accuracy                           0.99     12833
   macro avg       0.99      0.98      0.98     12833
weighted avg       0.99      0.99      0.99     12833

[[1989    0    0    0    0    0    0    0    0]
 [   0 5595    0    0    0    0    0    0    0]
 [   0    0  611    0    0    0    0   19    0]
 [   5    7    1  902    0    0    0    3    1]
 [   0    0    0    0  402    0    0    0    1]
 [   0    5    0    0    0 1504    0    0    0]
 [   0    0    0    0    0    0  399    0    0]
 [   4    0   21    0    0    0    0 1079    1]
 [  14    0    7    1    0    0    6    0  256]]